MapWidth 25
MapHeight 17
MapName map2
BreakableBlockType block2
Level 1
Difficulty 2
Explosion 1
Bomb 2
Hp 50
Speed 0
@ 15.4603 0 -10.1582
G 8 0 -2 1 4
G 28 0 -2 1 14
G 34 0 -2 1 17
G 34 0 -4 2 17
G 22 0 -6 3 11
G 28 0 -6 3 14
G 34 0 -6 3 17
G 10 0 -8 4 5
G 34 0 -8 4 17
G 34 0 -10 5 17
G 40 0 -10 5 20
G 44 0 -10 5 22
G 12 0 -14 7 6
G 16 0 -14 7 8
G 14 0 -16 8 7
G 8 0 -18 9 4
G 12 0 -18 9 6
G 18 0 -18 9 9
G 26 0 -18 9 13
G 12 0 -22 11 6
G 14 0 -22 11 7
G 6 0 -24 12 3
G 10 0 -24 12 5
G 26 0 -24 12 13
G 30 0 -24 12 15
G 4 0 -26 13 2
G 8 0 -26 13 4
G 16 0 -26 13 8
G 24 0 -26 13 12
G 30 0 -26 13 15
G 2 0 -28 14 1
G 6 0 -28 14 3
G 10 0 -28 14 5
G 26 0 -28 14 13
G 30 0 -28 14 15
G 12 0 -30 15 6
G 16 0 -30 15 8
E onile 26 0 -12.6105
E onile 29.5951 0 -22
E onile 6 0 -6.28342
E onile 2 0 -15.6355
E onile 26.9617 0 -30
E onile 30.9718 0 -30
E onile 2 0 -12.207
E onile 32.9718 0 -30
E onile 46 0 -10.791
E onile 28.9617 0 -30
